WORD         TOTFREQ    XFREQ    NSENT    NWORD
time          376870   372624    32087   742825
state         236330   223900    33146   784304
school        235633   216795    32965   765641
game          230872   219755    36875   813982
film          227150   216368    33840   811416
part          225162   219484    33348   788274
well          203678   200408    35466   787913
war           201680   196246    36442   790967
air           160827   146789    34213   775707
back          152370   148084    37039   816250
day           150096   143448    35448   796383
water         143446   135589    34726   760722
line          142829   127452    35118   793131
new_york      141360   132808    35053   802653
life          135019   131183    35550   785770
march         133156   130039    33962   791069
band          132500   118673    35143   814807
park          129853   118759    36325   795803
club          120010   104516    34551   802818
king          112283   104086    38185   812458
london        105144   102196    35528   811379
play          105052    99395    36222   824507
force         104567    98651    32080   711595
church        104253    85225    36896   791598
field         102758    94764    31496   740257
center        101262    92200    32392   759904
death          98677    94532    37848   801906
point          97110    90287    33073   742644
head           93487    87086    35317   794657
track          84088    75399    33643   812381
match          83941    76940    36594   826498
light          82627    77077    32613   736864
england        80170    77635    34894   802930
round          79985    67727    36140   792678
rock           79975    71077    36143   818559
press          79707    75101    37480   773129
america        78623    75977    33155   777938
space          77944    72608    29764   704477
lead           76797    73438    35380   796201
court          73496    64391    32196   793727
night          72125    66824    35603   819305
fire           71809    65104    36239   799488
australia      70748    67512    35087   787974
green          67713    62053    35679   786199
star           67530    61236    34731   798962
india          66452    61433    35265   779625
canada         65071    61763    33808   779348
ground         64261    58454    35797   796794
model          63963    57591    32061   721824
car            63854    59126    35409   808261
board          63721    55890    34181   780587
police         63702    55892    35464   781379
europe         62715    61530    34162   787908
france         61305    59308    34246   786103
gold           60270    55875    35354   777665
china          58770    55025    33309   783650
bridge         57526    43534    35635   793976
square         57478    51172    33543   731922
engine         55790    49026    35196   790057
washington     55631    47704    35634   786460
change         54955    52099    33667   755024
germany        52970    51174    33656   777229
ship           52676    47329    38591   795716
sound          50257    45633    33078   769560
hand           50165    47467    37502   807584
bank           48449    38834    32939   775137
oil            48140    41331    35553   786699
stadium        47298    36331    35956   800304
queen          46819    40843    40276   809136
cross          46303    38548    35002   803626
ball           46294    40445    35952   818105
africa         45811    43214    37026   774543
hospital       45072    36502    35602   777669
bill           45011    38895    34910   806562
capital        44772    38177    34803   770119
cover          43257    38623    35376   814092
jack           42508    35591    36424   824462
key            42381    37225    35994   783220
date           42196    39725    36478   787431
forest         42106    35902    36482   779536
ice            42078    35802    35291   779219
novel          41679    38119    36308   810433
fish           41551    36022    37504   782815
gas            40151    35524    32073   727823
shot           39985    36274    37086   823370
face           39859    36805    36960   798994
van            39755    31530    36769   804315
heart          39311    34752    35086   777502
fall           39067    36324    34771   794394
pass           38341    32462    36819   823499
tower          38023    30407    36866   801286
post           37485    33496    34828   779731
dance          37433    30815    35852   798742
train          37149    31723    35774   796225
iron           36885    33376    35308   777719
port           36748    32247    35801   790961
mass           36128    33031    31265   712097
piano          36069    28716    35050   796043
staff          36037    32058    34123   784713
mexico         35449    32610    33573   788415
spring         35166    30833    36873   786793
beach          34917    27502    35879   793395
code           34876    28876    32098   745527
doctor         34797    26980    35798   809673
contract       34662    31635    34658   791140
wall           34496    30411    37440   802331
temple         34131    25614    38474   798034
cast           34076    30256    36520   817567
card           33778    25628    35788   800651
ring           32886    28269    33386   779525
box            32439    28619    34793   803801
hotel          32322    25334    36821   793756
degree         32282    28202    30635   715108
paper          31473    27068    36497   775199
table          29695    24616    35028   768333
mount          29542    21432    37706   795026
horse          29275    24892    38245   815517
block          28674    22945    35148   776060
rose           28591    24216    37105   809045
pilot          28299    24251    36459   813125
cell           27889    22373    35448   741608
moon           27749    24527    34414   776510
note           27704    24561    33102   765619
opera          27601    21501    36470   813964
figure         27529    23189    36845   771135
glass          27341    23283    35165   775766
comic          27172    22859    35119   811019
web            26828    22809    32863   761173
cold           26768    24013    35049   786228
dog            26761    21798    37547   807179
disease        26738    22544    35761   749577
draft          25951    19189    37155   800785
agent          25766    21656    37304   789120
concert        25720    21917    34801   818587
wind           25448    21618    36692   783937
crown          25406    20458    34335   798232
fighter        25405    20458    36458   798125
eye            25152    21224    36554   787280
bell           24681    19732    36902   803206
bar            24523    21319    34986   772004
charge         24463    21692    33543   768182
scale          23947    20444    34659   733982
cricket        23750    17741    35597   819337
stock          23381    19297    34660   779921
mine           23196    13948    39055   802912
theater        23037    17656    34755   787551
beat           22757    18520    36316   816413
giant          22500    19237    37071   809551
czech          22381     9172    33798   758963
revolution     22319    19650    35405   789344
ray            22156    18461    35618   796865
orange         21703    15919    36811   789049
foot           21698    18765    36478   797722
screen         21696    18953    34820   805229
link           21082    17746    32927   772327
princess       20538    15458    35055   814807
bear           20417    17767    35048   792084
snow           20282    17397    36269   800987
plane          20263    17582    29970   685795
knight         19780    17289    39835   797191
plot           19745    17397    35833   802665
dragon         19736    16977    37187   818078
pool           19723    13921    35764   791741
string         19564    15000    35122   766703
cycle          19521    16286    34480   766348
strike         19445    15945    36137   803767
rome           19387    16995    36175   794070
berlin         19278    16041    34752   780883
fly            19258    16347    36539   790553
wave           19175    15986    30767   709997
cat            18922    15517    37698   807116
organ          18880    13160    35318   782136
file           18829    13687    36891   786150
spot           18740    15366    36762   791568
arm            18736    15658    37157   797028
plate          18735    14874    36959   789750
tag            18570    14035    33203   807216
circle         18118    14817    28361   663999
robin          17996    13223    35225   799023
tail           17920    15351    37119   776118
egypt          17898    16450    35406   789034
soul           17640    14986    35061   800618
bond           17630    13139    34880   777894
suit           17392    14717    34960   807667
satellite      17343    13880    32771   769860
fair           17295    13742    35473   789269
hollywood      16910    14145    35938   809400
mouth          16760    13841    36956   786245
hole           16682    13258    36355   797271
watch          16581    14859    35043   793361
crash          16341    13779    36476   817881
fan            16274    14312    35364   813912
teacher        16269    13698    35940   774531
apple          16145    12240    36064   795186
pole           16102    12257    37726   802555
server         16074     8207    35312   754153
shop           15992    13108    36491   796355
row            15922    12662    35342   763058
bomb           15786    13687    35680   798069
buffalo        15744    10166    36128   799979
lap            15545    10695    38007   834854
battery        15504    11580    35975   791485
drop           15434    13667    35182   796042
pitch          15419    13075    36434   808125
greece         15024    13471    34901   781284
bat            15009    13141    37441   811185
phoenix        14977    10781    35225   799468
missile        14895    11887    34654   788420
turkey         14863    13422    34514   778973
copper         14778    12540    34996   764512
belt           14685    10849    34461   798988
cook           14668     9938    37498   795833
trip           14639    12327    36107   805129
tube           14557    11989    36074   782500
eagle          14321    11989    34385   780484
mouse          14258    11140    35427   767889
chair          14177     9743    35684   769008
tokyo          14131    11778    34219   778298
shadow         13928    10671    34706   800800
grace          13910     9228    35355   802992
deck           13877    10907    38570   814117
pan            13863     8333    33705   783474
ghost          13810    11403    35809   803540
plastic        13799    11878    35741   778757
stream         13722    10354    36207   779744
angel          13612    11172    36283   810241
tie            13425    10700    36219   807577
palm           13219     9121    36704   783702
diamond        13172    10213    35897   785066
horn           13145     8939    35286   791737
jet            13071    10767    35136   784348
moscow         13051    10774    35235   779131
dress          12907    10773    36700   815203
mercury        12708     9323    34762   794566
lion           12396    10690    36520   802446
root           12362     9884    34525   735594
soldier        12292    10803    35207   798967
cap            12213     9238    35672   784129
alien          12192     9999    36634   813360
pit            12086     9555    38569   825151
mail           11630     9468    34930   785631
net            11573     9963    35064   774936
seal           11472     8768    35398   797345
conductor      11077     6383    33658   758851
compound       10947     7973    35747   726408
laser          10862     9074    33502   741937
grass          10797     8040    37793   780699
bed            10399     8656    36802   782565
yard           10385     8947    37321   827424
bow            10366     7941    39258   808838
switch         10311     8452    34446   778811
kid            10301     8136    35111   818143
cotton         10195     7913    37902   786245
robot          10179     8448    34778   789039
helicopter     10121     8333    34777   792782
pipe            9945     7475    35491   780238
shakespeare     9882     7228    35624   802055
hood            9841     7129    36625   806250
lock            9682     7136    35355   802259
scientist       9515     8296    35807   772089
duck            9277     7630    33386   765035
check           9129     7626    36415   780446
witch           9122     6806    35847   827620
wake            9116     6750    35599   796641
embassy         9085     5063    33567   767318
lawyer          8999     7610    34091   790547
swing           8999     6275    34144   798472
casino          8978     6369    35788   801066
stick           8826     7062    36256   801229
chest           8799     7285    37325   798651
triangle        8729     6505    30838   711088
jam             8603     5765    34430   807425
ruler           8515     6188    37007   792217
flute           8408     5979    34597   786563
whale           8408     7001    36940   795802
shark           8334     6531    36405   806683
boom            8308     6112    35782   799548
lab             8256     5864    33828   747667
chocolate       8174     6178    36044   793724
beijing         8143     6046    34935   784221
trunk           8077     5449    40816   791865
cliff           7980     5970    36866   802677
spell           7946     5399    37361   818006
button          7923     6505    35779   806128
hook            7761     5705    37910   798156
log             7607     5475    23941   598512
knife           7555     6008    37019   813963
honey           7494     5658    35866   799590
fork            7420     4584    36666   796538
pistol          7311     5834    36165   814846
spy             7183     5824    37708   825919
nurse           7179     5006    35655   794416
pin             7158     5654    37575   805328
hawk            6978     5449    32767   773305
dwarf           6973     5106    35647   787298
telescope       6846     5087    34586   773820
spider          6825     4933    37280   787783
marble          6808     5030    37065   798912
maple           6730     4661    36245   785877
vacuum          6687     5934    30896   713054
bottle          6681     5078    36701   803915
rabbit          6616     5382    35295   798497
amazon          6489     4537    36722   801204
berry           6486     4384    36704   787562
spike           6477     4637    35270   807884
crane           6459     4418    35592   793714
jupiter         6378     5467    34593   794430
olive           6345     5026    37251   796274
buck            6243     4004    34988   799755
penguin         6024     4776    37671   784649
luck            5964     4420    37008   827273
mint            5839     3696    36588   794594
saturn          5819     4966    33881   800165
pirate          5774     4289    37396   815965
tooth           5497     4263    38653   779756
ninja           5461     4561    34685   810476
bark            5267     3741    39727   785040
pound           5241     3897    38605   812285
ham             5224     3307    34974   804353
antarctica      5082     3763    35913   777443
ivory           5010     3134    35738   786365
poison          4983     4105    36479   790993
boot            4968     3862    36173   808437
drill           4943     3975    35700   791968
bolt            4921     3965    32895   790907
pyramid         4876     3613    35582   788312
dinosaur        4781     3460    34850   780216
bug             4696     3059    37692   795333
fence           4629     3506    37366   808635
bermuda         4505     3473    34021   795780
pie             4505     3563    36094   804122
shoe            4378     3444    35848   798258
ambulance       4338     3574    37400   785253
ice_cream       4301     3630    35674   803743
superhero       4193     3606    35342   814882
genius          4177     3244    36613   804728
slip            4051     3099    35151   796421
brush           3985     2906    37658   793031
parachute       3920     2964    36839   801683
tap             3884     2980    35519   794117
lemon           3867     3100    35887   797373
whip            3788     2507    36425   802918
alps            3779     2402    36014   786404
undertaker      3777     2943    36241   820532
thumb           3712     3256    36604   800812
pupil           3657     2413    37888   776614
spine           3644     2471    38250   782701
atlantis        3619     2962    34048   801910
thief           3606     2772    36678   829217
sink            3570     2812    36692   790641
pants           3548     2937    38356   850943
mole            3383     2799    33841   780936
sub             3343     2363    35097   754643
tablet          3254     2260    35870   787417
dice            3184     2554    33331   792046
worm            3157     2387    37431   790334
nut             3142     2795    36198   780377
needle          3040     2576    36478   792666
nail            2911     2326    34804   797871
torch           2901     2333    34783   808065
scorpion        2853     2496    36467   814536
octopus         2841     2310    37144   805275
glove           2659     2138    36359   814292
paste           2618     2198    36323   800680
straw           2453     2066    36869   804849
horseshoe       2365     1843    35930   792536
kangaroo        2281     1815    34273   799158
aztec           2190     1715    35845   791666
litter          2176     1880    37487   800703
mammoth         2161     1647    33867   793761
microscope      2118     1668    34592   751686
calf            2068     1620    35142   806206
skyscraper      2066     1563    36003   805326
unicorn         2047     1679    34862   802974
millionaire     1990     1443    35581   808230
chick           1949     1453    35809   808628
himalayas       1720     1153    38616   787021
olympus         1691     1152    39013   815536
cloak           1603     1407    36481   814227
pumpkin         1570     1205    35184   800324
roulette        1485      860    35192   802694
centaur         1357      961    37105   803080
slug            1290      969    37403   815133
carrot          1250      966    37392   801151
tick            1180      885    36093   790174
bugle           1030      684    38957   814682
kiwi            1026      719    35839   789453
snowman         1009      585    36508   804769
ketchup          946      521    34701   803091
limousine        815      511    35688   813803
racket           800      435    36363   802466
loch_ness        776      310    35454   800499
platypus         757      361    31705   771717
sock             750      612    36158   822371
washer           710      432    36919   804108
vet              629      478    37145   798498
leprechaun       586      276    35335   818590
mug              556      391    35062   816634
smuggler         497      355    36369   803661
scuba_diver      280      103    34695   803616
